

Prediction Data 




Prediction Data 


[[0 1 0]
 [0 1 0]
 [0 1 0]
 [0 0 1]
 [0 1 0]
 [1 0 0]
 [1 0 0]
 [0 1 0]
 [0 0 1]
 [0 1 0]
 [1 0 0]
 [0 0 1]
 [0 1 0]
 [0 0 1]
 [1 0 0]
 [0 1 0]
 [0 1 0]
 [1 0 0]
 [0 1 0]
 [1 0 0]
 [1 0 0]
 [1 0 0]
 [1 0 0]
 [1 0 0]]
[0 0 0 0 0 0 0 0 0 0 0 0 2 0 0 2 0 0 0 0 0 0 0 0]
[[0.346151799 0.331380576 0.322467595]
 [0.342931688 0.328429639 0.328638613]
 [0.344348252 0.331025481 0.324626237]
 [0.343832552 0.331505209 0.324662209]
 [0.398791611 0.287604898 0.313603461]
 [0.337929696 0.331724584 0.33034572]
 [0.347644627 0.318023831 0.334331483]
 [0.35822314 0.317178786 0.324598074]
 [0.418862253 0.267645478 0.313492239]
 [0.337398529 0.329985261 0.33261618]
 [0.363624036 0.31891036 0.317465633]
 [0.344830483 0.316436559 0.338732928]
 [0.343592077 0.30868578 0.347722232]
 [0.367226928 0.317659557 0.315113544]
 [0.343314648 0.331311285 0.325374067]
 [0.335752368 0.315426528 0.348821193]
 [0.340886116 0.332493693 0.326620221]
 [0.350213289 0.327949166 0.321837485]
 [0.337336302 0.328092515 0.334571213]
 [0.375042 0.318304 0.306653976]
 [0.496222526 0.334791362 0.168986112]
 [0.344228357 0.321817935 0.333953708]
 [0.387239158 0.288590401 0.324170411]
 [0.339960545 0.330768138 0.329271317]]
[[0 1 0]
 [0 1 0]
 [0 1 0]
 [1 0 0]
 [1 0 0]
 [1 0 0]
 [0 1 0]
 [0 1 0]
 [0 0 1]
 [0 1 0]
 [1 0 0]
 [1 0 0]
 [0 0 1]
 [0 1 0]
 [0 1 0]
 [0 1 0]
 [1 0 0]
 [0 1 0]
 [0 0 1]
 [1 0 0]
 [0 1 0]
 [0 0 1]
 [0 0 1]
 [1 0 0]]
[0 0 0 0 0 0 0 0 0 0 0 0 0 0 1 0 0 0 0 0 0 0 0 0]
[[0.50131613 0.315267831 0.183416009]
 [0.534633756 0.256868839 0.208497375]
 [0.42460537 0.314799041 0.26059562]
 [0.975535572 0.0223520491 0.00211240095]
 [0.429081351 0.321742535 0.249176145]
 [0.438065529 0.31385088 0.248083577]
 [0.980141521 0.0193519946 0.000506490411]
 [0.371079654 0.367463559 0.261456847]
 [0.833630264 0.139814243 0.0265554711]
 [0.645583272 0.215980932 0.138435811]
 [0.99401772 0.00556192361 0.000420331577]
 [0.537659347 0.282560319 0.179780364]
 [0.40577957 0.32061106 0.273609459]
 [0.379203886 0.345074624 0.27572149]
 [0.380023092 0.420439869 0.199536979]
 [0.583238721 0.244737014 0.172024339]
 [0.458995432 0.30344376 0.237560794]
 [0.7880615 0.140663221 0.0712752789]
 [0.450286806 0.290577769 0.259135455]
 [0.44968015 0.322950244 0.227369562]
 [0.996858 0.00265066535 0.000491426035]
 [0.378171474 0.351511449 0.270317048]
 [0.462373972 0.297771 0.239854962]
 [0.696119964 0.176616326 0.12726374]]
[[0 0 1]
 [1 0 0]
 [1 0 0]
 [0 1 0]
 [0 1 0]
 [1 0 0]
 [0 0 1]
 [1 0 0]
 [0 1 0]
 [0 1 0]
 [1 0 0]
 [0 1 0]
 [0 0 1]
 [0 1 0]
 [1 0 0]
 [1 0 0]
 [0 1 0]
 [1 0 0]
 [0 1 0]
 [0 1 0]
 [0 1 0]
 [1 0 0]
 [1 0 0]
 [0 1 0]]
[1 1 1 1 1 1 1 1 1 1 1 1 1 1 1 1 1 1 1 1 1 1 1 1]
[[0.220509782 0.525104344 0.254385889]
 [0.346381068 0.403185606 0.250433296]
 [0.299988687 0.437088162 0.262923241]
 [0.327865273 0.373986423 0.298148304]
 [0.335743278 0.385748118 0.278508633]
 [0.344168872 0.414379895 0.241451219]
 [0.328714758 0.387420624 0.283864647]
 [0.343023479 0.406826586 0.250149906]
 [0.35062623 0.402484268 0.246889457]
 [0.333412856 0.510315299 0.15627189]
 [0.34685877 0.36727044 0.285870761]
 [0.325191736 0.393919736 0.280888557]
 [0.35133484 0.480503231 0.168161973]
 [0.341324329 0.415567696 0.243107915]
 [0.471854717 0.494875401 0.0332698897]
 [0.3146303 0.421632499 0.263737231]
 [0.344259411 0.419275254 0.236465275]
 [0.344539344 0.384485275 0.270975351]
 [0.325767368 0.396445 0.277787626]
 [0.336862117 0.376661509 0.286476403]
 [0.33501637 0.382871121 0.282112628]
 [0.284181416 0.573193192 0.142625391]
 [0.332279652 0.365362287 0.302358031]
 [0.31926468 0.399571925 0.281163424]]
[[1 0 0]
 [1 0 0]
 [1 0 0]
 [1 0 0]
 [0 1 0]
 [0 1 0]
 [0 1 0]
 [0 1 0]
 [0 0 1]
 [0 1 0]
 [0 1 0]
 [1 0 0]
 [0 1 0]
 [0 0 1]
 [0 1 0]
 [0 1 0]
 [1 0 0]
 [0 1 0]
 [1 0 0]
 [0 1 0]
 [1 0 0]
 [0 1 0]
 [0 1 0]
 [0 1 0]]
[1 1 1 1 1 1 1 1 1 1 1 1 1 1 1 1 1 1 1 1 1 1 1 1]
[[0.0570364669 0.934724748 0.00823871139]
 [0.0249368604 0.959179 0.0158841386]
 [0.308069795 0.428453714 0.263476521]
 [0.303388923 0.453163296 0.243447825]
 [0.317012 0.390990436 0.291997612]
 [0.0176404323 0.979485 0.00287465914]
 [0.316623807 0.396880776 0.286495358]
 [0.325589329 0.406897187 0.267513454]
 [0.209731922 0.499277085 0.290990949]
 [0.311165124 0.427384883 0.261450052]
 [0.326515079 0.384759665 0.288725257]
 [0.29724139 0.497403 0.20535557]
 [0.319393098 0.443388253 0.237218618]
 [0.339365155 0.372587472 0.288047373]
 [0.331706494 0.413562238 0.254731208]
 [0.325895727 0.404469818 0.269634426]
 [0.336091787 0.379148155 0.284760058]
 [0.298992723 0.401454508 0.299552768]
 [0.0173608717 0.975073159 0.00756587274]
 [0.298276275 0.457027644 0.244696051]
 [0.311173737 0.422657609 0.266168624]
 [0.320170105 0.447005928 0.232823923]
 [0.204226285 0.550500453 0.245273292]
 [0.312544763 0.42298153 0.264473677]]
[[0 1 0]
 [0 0 1]
 [0 0 1]
 [0 1 0]
 [0 0 1]
 [0 1 0]
 [0 1 0]
 [0 0 1]
 [1 0 0]
 [0 0 1]
 [1 0 0]
 [0 1 0]
 [0 1 0]
 [0 0 1]
 [0 1 0]
 [1 0 0]
 [1 0 0]
 [0 1 0]
 [0 1 0]
 [0 1 0]
 [1 0 0]
 [0 1 0]
 [0 1 0]
 [0 1 0]]
[1 1 1 1 0 1 1 2 1 1 1 1 1 1 1 2 1 1 1 1 1 1 1 1]
[[0.318668574 0.424558759 0.256772637]
 [0.343533456 0.414783716 0.241682887]
 [0.324903727 0.417870194 0.25722608]
 [0.340383768 0.368910283 0.290706]
 [0.344247788 0.319156587 0.336595565]
 [0.326760113 0.396810949 0.276428968]
 [0.336349219 0.381292611 0.282358199]
 [0.224523172 0.372712314 0.402764559]
 [0.33732897 0.394849151 0.267821908]
 [0.343511701 0.395899743 0.260588616]
 [0.325620234 0.404205918 0.270173848]
 [0.307741195 0.65433228 0.0379265]
 [0.338723898 0.399665505 0.261610627]
 [0.323250711 0.361601025 0.315148264]
 [0.351307631 0.420520306 0.228172123]
 [0.361557931 0.274398714 0.364043355]
 [0.353521973 0.370035022 0.276443]
 [0.314889163 0.382189184 0.302921623]
 [0.323354751 0.430626959 0.246018276]
 [0.322220504 0.392620713 0.285158753]
 [0.340607017 0.39623192 0.263161]
 [0.321054518 0.44847092 0.230474547]
 [0.34070611 0.372282207 0.287011743]
 [0.335988075 0.38992843 0.274083525]]
[[0 1 0]
 [1 0 0]
 [0 1 0]
 [1 0 0]
 [0 1 0]
 [0 1 0]
 [0 1 0]
 [1 0 0]
 [0 0 1]
 [1 0 0]
 [0 1 0]
 [1 0 0]
 [0 0 1]
 [0 1 0]
 [0 1 0]
 [0 0 1]
 [0 0 1]
 [0 1 0]
 [0 1 0]
 [0 1 0]
 [0 1 0]
 [0 1 0]
 [0 0 1]
 [0 1 0]]
[1 1 1 1 2 1 1 1 2 1 1 1 1 1 1 1 1 1 2 2 1 1 1 1]
[[0.324955374 0.352618486 0.3224262]
 [0.341909051 0.393709064 0.264381826]
 [0.342515886 0.430571884 0.22691223]
 [0.3451294 0.395463973 0.259406596]
 [0.297103792 0.156101659 0.546794534]
 [0.341415048 0.442703784 0.215881139]
 [0.343868136 0.396187127 0.259944707]
 [0.333305776 0.429737628 0.236956641]
 [0.305452883 0.170338675 0.524208426]
 [0.355977356 0.395425171 0.248597503]
 [0.318718851 0.416476578 0.264804631]
 [0.367395133 0.384990782 0.24761413]
 [0.364385426 0.403472424 0.232142106]
 [0.34245953 0.382468104 0.275072336]
 [0.348312438 0.352272093 0.299415469]
 [0.322731167 0.447641104 0.229627699]
 [0.324220031 0.394478649 0.28130132]
 [0.340270698 0.420328051 0.239401266]
 [0.140280783 0.293532252 0.566186965]
 [0.323178649 0.285136968 0.391684353]
 [0.370147556 0.378110528 0.251741946]
 [0.347419202 0.44661352 0.205967203]
 [0.348573029 0.358761638 0.292665273]
 [0.354245543 0.426259518 0.219495043]]
[[0 1 0]
 [0 1 0]
 [1 0 0]
 [0 1 0]
 [1 0 0]
 [0 1 0]
 [1 0 0]
 [0 1 0]
 [0 1 0]
 [1 0 0]
 [0 1 0]
 [1 0 0]
 [0 0 1]
 [1 0 0]
 [0 0 1]
 [1 0 0]
 [0 1 0]
 [1 0 0]
 [1 0 0]
 [0 0 1]
 [1 0 0]
 [0 0 1]
 [0 1 0]
 [0 1 0]]
